0001001111
0001001111
0001001111
0001001111
0000100011
0000011001
0001000111
0001001111
0001001111
0001001111
0001001111
0001001111
0000100110
0000011100
0001001011
0001001111
0001001111
0001001111
0001001111
0001001111
0001001111
0001001111
0001001111
0001001111
0001001111
0001001111
0001001111
0001001111
0001001111
0001001111
0001001111
0001001111
0001001111
0001001111
0001001111
0001001111
0001001111
0001001111
0001001111
0001001111
0001001111
0001001111
0001001111
0001001111
0001001111
0001001111
0001001111
0001001111
0001001111
0001001111
0001011011
0001001111
0001001111
0001001111
0001001111
0001001111
0001001111
0001001111
0000101001
0001001111
0000100000
0000010110
0001000010
0001001111
0001001111
0000111100
0001001111
0001001111
0001001111
0001001111
0001001111
0000111010
0001000000
0001001111
0001001111
0001001111
0001001111
0001001111
0001001111
0000111110
0001001111
0001001111
0001001111
0001001111
0001001111
0001001111
0001001111
0001001111
0001001111
0001001111
0001001111
0001001111
0001001111
0001001111
0001001111
0001001111
0001001111
0001001111
0001001111
0001001111
0001001111
0001001111
0001001111
0001001111
0001001111
0001001111
0001001111
0001001111
0001001111
0001001111
0001001111
0001001111
0001001111
0001001111
0001001111
0001001111
0001001111
0001001111
0000011111
0001001111
0000110110
0000111000
0001001111
0001001111
0001001111
0001001111
0001001111
0001001111
0000000101
0000001000
0001001111
0001001111
0001001111
0001001111
0001001111
0001001111
0001001111
0001001111
0001001111
0001001111
0001001111
0001001111
0001001111
0001001111
0001100111
0001101010
0001001111
0001001111
0001001111
0001001111
0001001111
0001001111
0001001111
0001001111
0001001111
0001001111
0001001111
0001001111
0001001111
0001001111
0000001011
0000001110
0001001111
0001001111
0001001111
0001001111
0001001111
0001001111
0001101101
0001110000
0001001111
0001001111
0001001111
0001001111
0001001111
0001001111
0001010000
0001010011
0001001111
0001001111
0001001111
0001001111
0001001111
0001001111
0001001111
0001001111
0001001111
0001001111
0001001111
0001001111
0001001111
0001001111
0001001111
0001001111
0001001111
0001001111
0001001111
0001001111
0001001111
0001001111
0001001111
0001001111
0001001111
0001001111
0001001111
0001001111
0001001111
0001001111
0001001111
0001001111
0001001111
0001001111
0001001111
0001001111
0001001111
0001001111
0001001111
0001001111
0001001111
0001001111
0001001111
0001001111
0001001111
0001001111
0001001111
0001001111
0001001111
0001001111
0001001111
0001001111
0000010001
0001001111
0001001111
0001001111
0001001111
0001001111
0001001111
0001001111
0001110011
0001001111
0001001111
0001001111
0001001111
0001001111
0001001111
0001001111
0001010110
0001001111
0001001111
0001001111
0001001111
0001001111
0001001111
0001001111
0001001111
0001001111
